2.844999999999999929e+01
2.917999999999999972e+01
2.919999999999999929e+01
2.860999999999999943e+01
2.807000000000000028e+01
2.807999999999999829e+01
2.817999999999999972e+01
2.807999999999999829e+01
2.873000000000000043e+01
2.880999999999999872e+01
2.930000000000000071e+01
3.019999999999999929e+01
3.067000000000000171e+01
3.037000000000000099e+01
3.017000000000000171e+01
3.062000000000000099e+01
3.157000000000000028e+01
3.277000000000000313e+01
3.371000000000000085e+01
3.381000000000000227e+01
3.389999999999999858e+01
3.452000000000000313e+01
3.542000000000000171e+01
3.679999999999999716e+01
3.822999999999999687e+01
4.004999999999999716e+01
4.102000000000000313e+01
4.143999999999999773e+01
4.232000000000000028e+01
4.384000000000000341e+01
4.643999999999999773e+01
4.714999999999999858e+01
4.525999999999999801e+01
4.279999999999999716e+01
4.228999999999999915e+01
4.236999999999999744e+01
4.189999999999999858e+01
4.136999999999999744e+01
4.242000000000000171e+01
4.221999999999999886e+01
4.174000000000000199e+01
4.200999999999999801e+01
4.250999999999999801e+01
4.271999999999999886e+01
4.288000000000000256e+01
4.222999999999999687e+01
4.178999999999999915e+01
4.128000000000000114e+01
4.092000000000000171e+01
4.154999999999999716e+01
4.254999999999999716e+01
4.467000000000000171e+01
4.663000000000000256e+01
4.940999999999999659e+01
5.446999999999999886e+01
6.140999999999999659e+01
6.701000000000000512e+01
6.728000000000000114e+01
6.618999999999999773e+01
6.506000000000000227e+01
6.537999999999999545e+01
6.637000000000000455e+01
6.818000000000000682e+01
7.218000000000000682e+01
7.718999999999999773e+01
8.368999999999999773e+01
9.142000000000000171e+01
1.028499999999999943e+02
1.192199999999999989e+02
1.280600000000000023e+02
1.233400000000000034e+02
9.917000000000000171e+01
6.937999999999999545e+01
4.315999999999999659e+01
2.433999999999999986e+01
1.482000000000000028e+01
1.033000000000000007e+01
7.530000000000000249e+00
5.570000000000000284e+00
4.190000000000000391e+00
3.149999999999999911e+00
2.419999999999999929e+00
1.969999999999999973e+00
1.469999999999999973e+00
1.239999999999999991e+00
1.129999999999999893e+00
1.100000000000000089e+00
1.010000000000000009e+00
1.010000000000000009e+00
1.010000000000000009e+00
1.000000000000000000e+00
1.000000000000000000e+00
9.899999999999999911e-01
1.000000000000000000e+00
1.000000000000000000e+00
1.030000000000000027e+00
1.010000000000000009e+00
1.000000000000000000e+00
1.020000000000000018e+00
1.000000000000000000e+00
